856285
851265
851266
857745
869641
869642
871499
33895
878811
890925
896307
1289920
1289921
1749016
Б61931
170905
170925
170926
167110
170918
170923
170924
1659139
1585364
934653
934651
1667662
1662544
1640139
1640153
1640158
1640155
1640148
1640150
1640157
1640135
1640142
1640143
1640141
1640137
234667
624983
842489
Б51218
Б51217
Б51214
Б51215
Б51211
1755368
1015301
1015302
115410
288329
330502
305745
431527
434411
471410
471423
245933
1590989
1733103
1590910
1733104
536904
1733105
318346
333326
333327
333354
453835
453838
329357
329372
1645841
1658259
1658258
1658260
270102
309788
313524
307362
308774
171867
170879
170880
167643
167644
167459
313409
167460
167647
194667
311980
312881
342195
343318
344521
346583
349271
351178
351780
18568
458307
467133
908819
913677
936977
809692
813489
983554
993476
1007209
1049304
1063402
1073289
1104794
955986
1158228
1168481
1182531
1269474
1275589
1356950
1409237
1412044
1414417
1422682
1427788
1522810
1645760
1645762
1645763
1645761
Б54119
1640712
1640713
Б50628
1636189
Б50629
